74 -74
-17 69
1 -49
-63 0
8 -8
-21 69
-97 -15
78 -94
59 -95
-50 -94
16 -25
-63 -48
-67 -15
70 82
90 0
62 62
90 -50
-12 82
74 57
62 4
-17 -74
16 -28
74 -81
18 -8
8 57
62 -99
-12 -95
59 -99
18 39
-17 -25
14 -25
-95 33
70 54
62 -38
74 -49
69 -40
-97 -95
8 82
78 54
69 -48
-95 -44
14 57
-67 -49
1 -28
-12 -44
51 33
-97 39
16 -50
10 -94
78 -15
-17 39
18 -50
-17 45
-21 -95
-21 -28
-50 0
10 -8
8 -15
-50 -38
14 -38
70 -99
78 -44
74 0
-70 -25
78 -74
-97 0
87 -38
-70 82
-95 -99
14 -44
5 54
-70 -81
51 39
70 -50
51 82
90 -44
-70 33
59 57
1 -40
69 -74
87 -48
1 -94
5 0
8 45
5 62
-63 -25
62 -49
10 -99
18 -40
-12 62
90 69
87 -15
51 -48
5 -8
-21 33
-70 4
10 -81
62 69
-21 -8
69 -99
