23 -61
-64 96
12 88
-43 -58
31 25
-43 81
-25 -94
-85 -23
-5 -69
22 37
20 -10
-5 -33
95 -33
31 81
-80 31
95 -81
74 -69
95 27
-83 45
-37 -81
88 47
-80 98
66 69
-53 10
23 98
-17 54
-8 17
34 31
49 23
42 45
4 52
-26 -58
-5 47
-12 -8
38 17
88 52
-37 -23
47 -10
-53 25
-25 95
-25 54
66 -11
42 54
-61 37
-25 10
49 -61
-83 98
88 10
23 -8
-51 -46
-61 27
88 79
-12 69
12 -23
-5 91
31 17
31 23
38 64
-27 -59
-17 -22
91 65
91 -79
-17 39
83 26
-51 23
86 88
-85 37
31 72
-12 81
83 43
67 -11
47 -46
12 -11
83 -75
70 -22
-5 88
-83 47
66 -15
25 -22
49 88
-99 43
38 -81
25 -11
38 20
91 20
91 -61
-7 65
-80 20
-21 -7
38 96
-26 -15
-99 -8
47 -80
83 91
20 40
-21 64
-51 -22
-64 -15
-51 -75
68 79
